>Bem1_1,Bem1_1
{'alignment_length': 56, 'RMSD': 3.1216319594763617e-07, 'rotation_matrix': [0.9999999999999998, 1.6653345369377348e-16, -1.6653345369377348e-16, 7.387428566813469, 2.7755575615628914e-16, 0.9999999999999996, -1.3877787807814457e-16, -26.328821522848948, 2.7755575615628914e-17, -8.326672684688674e-17, 0.9999999999999993, -24.390160730906896, -7.387428566813469, 26.328821522848948, 24.390160730906896, 1.0]}
>Bem1_1,Bem1_2
{'alignment_length': 56, 'RMSD': 0.9357453557008124, 'rotation_matrix': [-0.33225302631864073, -0.6679091358080438, 0.6659619454640454, 6.629017857568604, 0.8782655744183054, -0.4765189952784281, -0.03973950088413795, -26.232214348656793, 0.3438858928391616, 0.5716878811405655, 0.7449264790992618, -23.61151787212917, 2.011428608692119, -18.22498212541853, 12.698124970708573, 1.0]}
>Bem1_1,Boi1
{'alignment_length': 56, 'RMSD': 1.1057227668016085, 'rotation_matrix': [-0.7255437497947724, -0.3281249037109906, 0.6049134770348514, 6.6860357118504385, -0.3242087486895342, -0.6123728435620569, -0.7210327230721829, -26.275482211794174, 0.6070213788713762, -0.7192590270774317, 0.33792232474448824, -23.776178598403934, 28.708392858505245, -6.808178572782449, -22.732357093266074, 1.0]}
>Bem1_1,Boi2
{'alignment_length': 56, 'RMSD': 1.1610644905000744, 'rotation_matrix': [0.22149646179566776, -0.10899730099302925, 0.9690505176657382, 6.629017857568604, 0.2351692765063594, -0.9584336684573758, -0.16155591773380523, -26.232214348656793, 0.9463798015593293, 0.26367497329775447, -0.18665685001347426, -23.61151787212917, 18.46114290612085, -9.174017895678324, -24.243642772947034, 1.0]}
>Bem1_1,Bud14
{'alignment_length': 56, 'RMSD': 1.1642306600155126, 'rotation_matrix': [0.19089680460373412, 0.8133973882498826, 0.5494934929372262, 6.629017857568604, -0.9296320902181772, -0.029935282062327873, 0.3672710929605428, -26.232214348656793, 0.3151865904962745, -0.5809376624700098, 0.7504457645261344, -23.61151787212917, -2.7873392802264, -6.273107119436775, 3.7046964698071987, 1.0]}
>Bem1_1,Bzz1_1
{'alignment_length': 56, 'RMSD': 1.845153692854948, 'rotation_matrix': [-0.9466269891044536, -0.12136354226194024, -0.29861050569039094, 6.629017857568604, 0.24862613275396564, -0.8645129636282073, -0.43680931976158827, -26.232214348656793, -0.20513992690562244, -0.48773786640818495, 0.8485454519710466, -23.61151787212917, 4.639285724077907, -15.865749861512862, 31.17351790836878, 1.0]}
>Bem1_1,Bzz1_2
{'alignment_length': 48, 'RMSD': 1.0538696780500971, 'rotation_matrix': [-0.8290997217553033, 0.5463863706392934, -0.11855625401006126, 6.55862500394384, 0.4199516752240159, 0.46860445372511633, -0.7772068298886257, -27.01370839277903, -0.3690992303728364, -0.6941698638867906, -0.6179756938663321, -24.023958365122482, -37.22202082475026, 28.68374999364217, 56.82293748855591, 1.0]}
>Bem1_1,Hse1
{'alignment_length': 56, 'RMSD': 1.2871776058811424, 'rotation_matrix': [-0.9171787631407242, 0.3787257876763037, 0.12389468992904851, 6.3980892662491105, -0.38703273568791124, -0.920663078653957, -0.05084444029930525, -25.762625047138762, 0.09480916595764007, -0.09458474164674434, 0.9909919014290862, -23.857714278357374, 11.023178573165623, -5.468142917279952, -7.105946379048484, 1.0]}
>Bem1_1,Lsb1
{'alignment_length': 56, 'RMSD': 0.994980337759118, 'rotation_matrix': [-0.2614188646077159, 0.1987943181227998, -0.9445321573717346, 6.3980892662491105, 0.1987827220488487, 0.9686726773412822, 0.14885789729578305, -25.762625047138762, 0.9445345979063247, -0.1488424108060695, -0.2927461871713694, -23.857714278357374, -10.936500012874603, -4.50807144173554, 7.611357149801083, 1.0]}
>Bem1_1,Myo3
{'alignment_length': 56, 'RMSD': 1.6932661038224506, 'rotation_matrix': [0.2277525556728663, -0.4569274437471519, 0.8598523620570987, 6.6860357118504385, 0.809194085973689, 0.5799934151947386, 0.09387528724829586, -26.275482211794174, -0.5416029030661526, 0.6744071096017871, 0.5018379677833055, -23.776178598403934, -3.929285673158509, -43.726874760219026, 36.65416087423052, 1.0]}
>Bem1_1,Myo5
{'alignment_length': 56, 'RMSD': 1.716258557328445, 'rotation_matrix': [0.6531015973511698, -0.27693825380692727, 0.7048145196544411, 6.6860357118504385, -0.11625202939815787, 0.8830320175407685, 0.4546866191770877, -26.275482211794174, -0.7482939056267666, -0.3788926755378754, 0.5445149871450644, -23.776178598403934, 0.33617856619613545, -31.0953928402492, 46.234696660722996, 1.0]}
>Bem1_1,Pin3
{'alignment_length': 56, 'RMSD': 1.1006126138189034, 'rotation_matrix': [-0.6203276434438827, -0.23653755311395472, -0.7478259160701917, 6.3980892662491105, -0.36308699940310185, 0.9317327346452532, 0.006476268596206813, -25.762625047138762, 0.6952420050916162, 0.27554327637839654, -0.6638632820083122, -23.857714278357374, -7.043642843241937, -4.1751785701406865, 9.249553575579611, 1.0]}
>Bem1_1,Sho1
{'alignment_length': 56, 'RMSD': 1.5614533857351829, 'rotation_matrix': [0.188714398791117, -0.42818076483601464, 0.8837692619192816, 6.541589270745004, -0.5345985197498986, 0.7101111851306764, 0.4581992224278897, -26.055642911366057, -0.8237665314700058, -0.5589305300095453, -0.09489659768992974, -23.76071429252625, 36.523464441299424, 9.182839269816345, -19.317857146263126, 1.0]}
>Bem1_2,Bem1_1
{'alignment_length': 56, 'RMSD': 0.9357453557007777, 'rotation_matrix': [-0.33225302631864095, 0.8782655744183056, 0.34388589283916204, -2.011428608692119, -0.667909135808044, -0.47651899527842845, 0.5716878811405656, 18.22498212541853, 0.6659619454640456, -0.03973950088413794, 0.7449264790992618, -12.698124970708573, -6.629017857568604, 26.232214348656793, 23.61151787212917, 1.0]}
>Bem1_2,Bem1_2
{'alignment_length': 56, 'RMSD': 2.5488018218271675e-07, 'rotation_matrix': [1.0000000000000002, 1.1102230246251565e-16, 0.0, -2.670767872727344, -2.7755575615628914e-16, 0.9999999999999998, -6.938893903907228e-18, 16.970178542392595, 0.0, -9.020562075079397e-17, 1.0000000000000002, -13.080624989100865, 2.670767872727344, -16.970178542392595, 13.080624989100865, 1.0]}
>Bem1_2,Boi1
{'alignment_length': 56, 'RMSD': 1.3834589049598862, 'rotation_matrix': [0.16144303068150134, -0.7079018205823071, -0.6876126527781663, -2.1501607333443, 0.9860705554806596, 0.0874602648142006, 0.14147636443128425, 18.105464271136693, -0.04001259124869869, -0.7008749635240831, 0.7121609916631766, -12.750142846788679, 28.631964274815147, -7.079267863184214, -22.62167852265494, 1.0]}
>Bem1_2,Boi2
{'alignment_length': 56, 'RMSD': 1.2957563648215007, 'rotation_matrix': [0.4938594351597322, -0.7059997607421392, -0.5076092947688733, -2.1501607333443, 0.3270319458493285, 0.6917120194116538, -0.643882433830473, 18.105464271136693, 0.8057002945870826, 0.15198295968132083, 0.5724929827244991, -12.750142846788679, 18.825857205050337, -9.391410755392695, -24.069410664694644, 1.0]}
>Bem1_2,Bud14
{'alignment_length': 56, 'RMSD': 1.1536133270262432, 'rotation_matrix': [-0.7725841935577187, -0.50025254193658, 0.3909744980823675, -2.0124821803931687, 0.5049654090354176, -0.8574166230123507, -0.09923038979964677, 18.385910698345736, 0.38486828856436306, 0.12076476666680164, 0.915036759692992, -12.874767848423547, -2.8046071375054966, -6.058285689247506, 3.9819821819130863, 1.0]}
>Bem1_2,Bzz1_1
{'alignment_length': 56, 'RMSD': 1.632798545807756, 'rotation_matrix': [0.4670812371142882, -0.8839690531177715, -0.02082861171214445, -2.0124821803931687, 0.38949122485889287, 0.1845418488690947, 0.90235297515656, 18.385910698345736, -0.7938083545124127, -0.4295847054377581, 0.43049422430533135, -12.874767848423547, 4.365232150469509, -16.181839151041846, 31.16205358505248, 1.0]}
>Bem1_2,Bzz1_2
{'alignment_length': 56, 'RMSD': 2.601254637533143, 'rotation_matrix': [0.42214718247715677, -0.027897293539662277, -0.906097951294318, -1.8342143076338944, 0.16460168089031604, -0.9805527133845021, 0.1068768586849998, 17.369571419698854, -0.8914583798331142, -0.19426301060019827, -0.4093456238166795, -13.274232149124144, -37.950285741261084, 27.727285683155067, 57.364464282989516, 1.0]}
>Bem1_2,Hse1
{'alignment_length': 56, 'RMSD': 1.1323946556961781, 'rotation_matrix': [0.0009166816955182289, -0.974209574115961, 0.22564322590201286, -1.586482172831893, 0.8536669686688729, 0.11828161520939173, 0.5072101794198876, 18.201928564480376, -0.5208184581006766, 0.19215921836918243, 0.8317589605753452, -13.1738035593714, 10.791000012840547, -5.555946489696257, -7.0148928080286295, 1.0]}
>Bem1_2,Lsb1
{'alignment_length': 56, 'RMSD': 0.974857988064997, 'rotation_matrix': [0.5776158571201374, 0.7292475019438829, 0.36682148589194646, -1.586482172831893, 0.6207221270208081, -0.684218443955513, 0.3828174003070649, 18.201928564480376, 0.530154659161016, 0.006572812160914376, -0.8478754834939881, -13.1738035593714, -10.949625015258789, -4.328196442552976, 7.338767870728458, 1.0]}
>Bem1_2,Myo3
{'alignment_length': 56, 'RMSD': 1.9633374060406505, 'rotation_matrix': [0.44990316947128156, 0.8928683071588273, 0.019321598562895222, -2.2426428808165455, -0.8361529833626282, 0.4287284152731162, -0.34211128942374647, 17.90371427365712, -0.3137440461801174, 0.13776114114195046, 0.9394607716545678, -12.867982149124146, -4.130035666482788, -43.35755334581647, 36.88598230906895, 1.0]}
>Bem1_2,Myo5
{'alignment_length': 56, 'RMSD': 2.0992786518735507, 'rotation_matrix': [-0.5741803145229416, 0.7149394902407468, 0.39897179312407216, -2.2426428808165455, -0.812059284344731, -0.4352335395323019, -0.38875633084968175, 17.90371427365712, -0.10429134731059521, -0.5472049811181231, 0.8304757814142778, -12.867982149124146, -0.01319642790726236, -31.19412510735648, 46.4755002430507, 1.0]}
>Bem1_2,Pin3
{'alignment_length': 56, 'RMSD': 1.0158865065179685, 'rotation_matrix': [0.12987926794531535, 0.9903368985873597, 0.04862307121478482, -1.586482172831893, 0.985013496740197, -0.13448334392609723, 0.10799371021548071, 18.201928564480376, 0.11348914925066239, 0.03386823737403766, -0.9929618096883368, -13.1738035593714, -7.240196414125552, -4.123714276456408, 8.998839286289048, 1.0]}
>Bem1_2,Sho1
{'alignment_length': 56, 'RMSD': 1.7226867980816702, 'rotation_matrix': [-0.8100178928067042, 0.583046456065908, 0.0626725091405454, -1.8834107483604128, -0.3355156339755895, -0.3731490819525569, -0.8649792032158474, 18.09974997384208, -0.4809368697562551, -0.7216762381476536, 0.49787863441014024, -12.827196419239042, 36.523464441299424, 9.182839269816345, -19.317857146263126, 1.0]}
>Boi1,Bem1_1
{'alignment_length': 56, 'RMSD': 1.1057227668016085, 'rotation_matrix': [-0.7255437497947727, -0.3242087486895343, 0.6070213788713763, -28.708392858505245, -0.32812490371099057, -0.6123728435620568, -0.7192590270774316, 6.808178572782449, 0.6049134770348512, -0.7210327230721829, 0.33792232474448786, 22.732357093266074, -6.6860357118504385, 26.275482211794174, 23.776178598403934, 1.0]}
>Boi1,Bem1_2
{'alignment_length': 56, 'RMSD': 1.3834589049598747, 'rotation_matrix': [0.1614430306815015, 0.9860705554806592, -0.040012591248698624, -28.631964274815147, -0.7079018205823069, 0.08746026481420033, -0.7008749635240831, 7.079267863184214, -0.6876126527781663, 0.14147636443128392, 0.7121609916631763, 22.62167852265494, 2.1501607333443, -18.105464271136693, 12.750142846788679, 1.0]}
>Boi1,Boi1
{'alignment_length': 64, 'RMSD': 2.384185791015625e-07, 'rotation_matrix': [1.0, 1.6653345369377348e-16, -2.7755575615628914e-16, -29.784562438726425, 1.6653345369377348e-16, 1.0000000000000002, -1.1102230246251565e-16, 7.211406267248094, -1.6653345369377348e-16, -5.551115123125783e-17, 1.0000000000000002, 21.56507809460163, 29.784562438726425, -7.211406267248094, -21.56507809460163, 1.0]}
>Boi1,Boi2
{'alignment_length': 64, 'RMSD': 0.47037093140765585, 'rotation_matrix': [0.3730202983947876, 0.5675660557002873, -0.7339786300719402, -29.591687470674515, -0.884422664042964, 0.45662573082940694, -0.09638201736660612, 7.033328144811094, 0.2804503669325652, 0.6850997842368138, 0.6722989493715288, 21.50376559793949, 19.435234434902668, -8.086281288531609, -23.996937423944473, 1.0]}
>Boi1,Bud14
{'alignment_length': 56, 'RMSD': 1.4731886673385481, 'rotation_matrix': [0.356336049794386, -0.9337649548054877, -0.03328105758593775, -28.599571398326326, 0.2887737971712783, 0.1439351135914529, -0.946515914891396, 6.963964278144497, 0.888613703295315, 0.32766704480695197, 0.3209361214685325, 22.57335710525512, -2.8470357076397956, -6.190839266670602, 4.004875040213976, 1.0]}
>Boi1,Bzz1_1
{'alignment_length': 56, 'RMSD': 1.7228792869815004, 'rotation_matrix': [0.452880445338484, 0.07289313232687311, 0.8885864580836206, -28.523142814636227, 0.31081729169834893, 0.9212192080147599, -0.2339824394392933, 7.235053568546261, -0.8356386260886459, 0.3821541077160318, 0.3945457192068418, 22.462678534643988, 4.248500002282007, -16.319071292877197, 31.121321473802826, 1.0]}
>Boi1,Bzz1_2
{'alignment_length': 56, 'RMSD': 2.197173945994846, 'rotation_matrix': [0.22213621929592636, -0.9741768292130881, -0.04043520126381733, -29.135928528649462, 0.3423424466020488, 0.03909726409803452, 0.9387614463720652, 7.382732157196318, -0.9129387434715627, -0.22237560424736758, 0.34218699756738646, 21.96248209476471, -38.073785747800564, 27.9593928371157, 57.22335713250298, 1.0]}
>Boi1,Hse1
{'alignment_length': 56, 'RMSD': 1.5953557684164017, 'rotation_matrix': [0.8418815920234158, -0.05611898200223059, 0.5367364761884106, -28.67719640050615, 0.4801929137191434, 0.5317705926309655, -0.6975921461906172, 6.766178566430297, -0.24627251293239855, 0.8450270390182466, 0.4746358105979959, 22.0557678086417, 10.791000012840547, -5.555946489696257, -7.0148928080286295, 1.0]}
>Boi1,Lsb1
{'alignment_length': 56, 'RMSD': 1.454496580218795, 'rotation_matrix': [0.7132732339197009, -0.5455098823886476, 0.4400684742060655, -28.67719640050615, -0.7003381865633097, -0.5795384213945689, 0.41672730000409786, 6.766178566430297, 0.02770772843352587, -0.605437186125707, -0.7954106457932528, 22.0557678086417, -10.949625015258789, -4.328196442552976, 7.338767870728458, 1.0]}
>Boi1,Myo3
{'alignment_length': 56, 'RMSD': 1.9915655983918072, 'rotation_matrix': [-0.7499267185006644, 0.5568189722215307, -0.3571589968809185, -28.631964274815147, -0.18486608522860498, -0.6947969192124899, -0.6950408416669365, 7.079267863184214, -0.6351648978108566, -0.45520311205767466, 0.6239837172250029, 22.62167852265494, -3.9061606717961173, -43.59599978583199, 36.93903585842677, 1.0]}
>Boi1,Myo5
{'alignment_length': 56, 'RMSD': 2.0113261622126175, 'rotation_matrix': [-0.8914123215242467, -0.30791974775728226, -0.3325199271860932, -28.631964274815147, 0.39894338896369985, -0.18506335988228495, -0.8981067448979758, 7.079267863184214, 0.21500754739522737, -0.9332400450956722, 0.28781030696088256, 22.62167852265494, 0.28973213902541606, -31.117982183183948, 46.54603597096034, 1.0]}
>Boi1,Pin3
{'alignment_length': 56, 'RMSD': 1.3994202125787683, 'rotation_matrix': [0.9926122404712936, 0.04108382167264529, 0.11416242667063783, -28.67719640050615, -0.05159348113103503, -0.7086913389725418, 0.7036296602404477, 6.766178566430297, 0.10981371850247162, -0.7043214505196304, -0.7013360404018776, 22.0557678086417, -7.240196414125552, -4.123714276456408, 8.998839286289048, 1.0]}
>Boi1,Sho1
{'alignment_length': 56, 'RMSD': 1.7021554618771761, 'rotation_matrix': [-0.46314095599523863, -0.25336302375864217, -0.8492983180671521, -28.6984999861036, 0.8603225583384065, 0.10172003466699568, -0.49949787803493606, 6.707910715469293, 0.21294494709636846, -0.9620084265427318, 0.17086321068884822, 22.517517805099484, 36.523464441299424, 9.182839269816345, -19.317857146263126, 1.0]}
>Boi2,Bem1_1
{'alignment_length': 56, 'RMSD': 1.1610644905000604, 'rotation_matrix': [0.22149646179566784, 0.23516927650635933, 0.9463798015593295, -18.46114290612085, -0.10899730099302911, -0.9584336684573763, 0.26367497329775497, 9.174017895678324, 0.9690505176657386, -0.1615559177338055, -0.18665685001347454, 24.243642772947034, -6.629017857568604, 26.232214348656793, 23.61151787212917, 1.0]}
>Boi2,Bem1_2
{'alignment_length': 56, 'RMSD': 1.2957563648215007, 'rotation_matrix': [0.4938594351597322, 0.32703194584932915, 0.805700294587083, -18.825857205050337, -0.705999760742139, 0.6917120194116538, 0.1519829596813209, 9.391410755392695, -0.5076092947688728, -0.6438824338304729, 0.5724929827244994, 24.069410664694644, 2.1501607333443, -18.105464271136693, 12.750142846788679, 1.0]}
>Boi2,Boi1
{'alignment_length': 64, 'RMSD': 0.4703709314077465, 'rotation_matrix': [0.37302029839478723, -0.884422664042964, 0.280450366932565, -19.435234434902668, 0.5675660557002874, 0.4566257308294066, 0.6850997842368136, 8.086281288531609, -0.7339786300719402, -0.09638201736660595, 0.6722989493715286, 23.996937423944473, 29.591687470674515, -7.033328144811094, -21.50376559793949, 1.0]}
>Boi2,Boi2
{'alignment_length': 64, 'RMSD': 2.384185791015625e-07, 'rotation_matrix': [1.0000000000000002, 2.7755575615628914e-16, 1.6653345369377348e-16, -19.657765679061413, -2.7755575615628914e-17, 0.9999999999999999, 0.0, 8.130906287697144, -5.551115123125783e-17, -1.1102230246251565e-16, 1.0000000000000002, 24.16345304250717, 19.657765679061413, -8.130906287697144, -24.16345304250717, 1.0]}
>Boi2,Bud14
{'alignment_length': 56, 'RMSD': 1.4422847996266612, 'rotation_matrix': [0.12696784726460156, -0.3796785998681512, 0.916364188826229, -18.708410765443535, 0.9464154213323172, -0.23019797728167993, -0.22650991483772906, 9.346821467924329, 0.29694615004300845, 0.896020676132858, 0.33010594044496017, 24.03267850194658, -2.8470357076397956, -6.190839266670602, 4.004875040213976, 1.0]}
>Boi2,Bzz1_1
{'alignment_length': 56, 'RMSD': 1.4669585925219444, 'rotation_matrix': [-0.36825025334469985, -0.6992748873620493, 0.6127041560299376, -18.93958935567311, -0.19402378842290643, 0.7023061626043609, 0.6849239545336114, 9.437607182056775, -0.9092560257911894, 0.13334423824346808, -0.394300385099586, 23.883303506033755, 4.178571430700167, -16.4580534355981, 31.09435714994157, 1.0]}
>Boi2,Bzz1_2
{'alignment_length': 56, 'RMSD': 2.1740926352264567, 'rotation_matrix': [-0.4736549145962614, -0.4603097107700832, -0.7508435203486621, -19.461767903396062, -0.3460878465730862, -0.686677072654902, 0.639294767962713, 8.793500046777938, -0.8098606203126639, 0.5626629257920388, 0.16594037364646974, 23.93323210307529, -38.073785747800564, 27.9593928371157, 57.22335713250298, 1.0]}
>Boi2,Hse1
{'alignment_length': 56, 'RMSD': 1.3938294574059578, 'rotation_matrix': [-0.1851237343211184, -0.25196870792073145, 0.9498636603322405, -18.701071475233352, 0.5224190266148119, 0.7934431009127524, 0.3122921808896091, 8.850214326088983, -0.8323506254108521, 0.5540395435731218, -0.015251902682956203, 23.746892792837958, 10.791000012840547, -5.555946489696257, -7.0148928080286295, 1.0]}
>Boi2,Lsb1
{'alignment_length': 56, 'RMSD': 1.2736138581614596, 'rotation_matrix': [0.890673557084675, 0.1407851126023995, -0.43229638765511436, -18.701071475233352, 0.10233128937667453, -0.9885272460649576, -0.11109541395457068, 8.850214326088983, -0.44297733793574434, 0.05471230078108523, -0.8948618006254379, 23.746892792837958, -10.949625015258789, -4.328196442552976, 7.338767870728458, 1.0]}
>Boi2,Myo3
{'alignment_length': 56, 'RMSD': 2.0120155050521116, 'rotation_matrix': [-0.29135628382633516, 0.6930297821224072, 0.6594097640816952, -18.825857205050337, -0.9445803955690526, -0.31741511704422387, -0.08375869971778141, 9.391410755392695, 0.15125935402982518, -0.6472691592862825, 0.7471032346706239, 24.069410664694644, -3.9061606717961173, -43.59599978583199, 36.93903585842677, 1.0]}
>Boi2,Myo5
{'alignment_length': 56, 'RMSD': 2.0412151759119723, 'rotation_matrix': [-0.6215084325916026, -0.21227335154255927, 0.7541003198795363, -18.825857205050337, -0.17111917288786105, -0.9025616908326599, -0.3950957136080631, 9.391410755392695, 0.7644903510756065, -0.3745963407004656, 0.524625661444536, 24.069410664694644, 0.28973213902541606, -31.117982183183948, 46.54603597096034, 1.0]}
>Boi2,Pin3
{'alignment_length': 56, 'RMSD': 1.2233345675517058, 'rotation_matrix': [0.4421035065554396, 0.44335407620771694, -0.7797317824748368, -18.701071475233352, 0.6114335221467878, -0.784993996067199, -0.09966681560892673, 8.850214326088983, -0.6562724567483826, -0.4326911014204614, -0.6181301426600954, 23.746892792837958, -7.240196414125552, -4.123714276456408, 8.998839286289048, 1.0]}
>Boi2,Sho1
{'alignment_length': 56, 'RMSD': 1.7282396790968968, 'rotation_matrix': [-0.8738034938528522, -0.45277580829876485, 0.17737395961625618, -18.5543036205428, 0.2756088973893278, -0.7616398993990284, -0.5864677308456767, 9.111410754200604, 0.40063348563292633, -0.4635717108094903, 0.7903126464423897, 24.070196356092175, 36.523464441299424, 9.182839269816345, -19.317857146263126, 1.0]}
>Bud14,Bem1_1
{'alignment_length': 56, 'RMSD': 1.1642306600155126, 'rotation_matrix': [0.19089680460373432, -0.9296320902181769, 0.31518659049627473, 2.7873392802264, 0.8133973882498827, -0.029935282062327734, -0.5809376624700098, 6.273107119436775, 0.5494934929372265, 0.3672710929605427, 0.7504457645261347, -3.7046964698071987, -6.629017857568604, 26.232214348656793, 23.61151787212917, 1.0]}
>Bud14,Bem1_2
{'alignment_length': 56, 'RMSD': 1.1536133270262432, 'rotation_matrix': [-0.772584193557719, 0.5049654090354179, 0.38486828856436345, 2.8046071375054966, -0.5002525419365799, -0.8574166230123506, 0.12076476666680179, 6.058285689247506, 0.39097449808236723, -0.09923038979964663, 0.9150367596929924, -3.9819821819130863, 2.0124821803931687, -18.385910698345736, 12.874767848423547, 1.0]}
>Bud14,Boi1
{'alignment_length': 56, 'RMSD': 1.4731886673385373, 'rotation_matrix': [0.35633604979438616, 0.28877379717127877, 0.8886137032953152, 2.8470357076397956, -0.9337649548054878, 0.1439351135914529, 0.3276670448069522, 6.190839266670602, -0.03328105758593792, -0.9465159148913966, 0.32093612146853256, -4.004875040213976, 28.599571398326326, -6.963964278144497, -22.57335710525512, 1.0]}
>Bud14,Boi2
{'alignment_length': 56, 'RMSD': 1.4422847996266612, 'rotation_matrix': [0.12696784726460159, 0.9464154213323176, 0.2969461500430086, 2.8470357076397956, -0.37967859986815133, -0.23019797728168, 0.8960206761328575, 6.190839266670602, 0.9163641888262292, -0.22650991483772911, 0.33010594044496006, -4.004875040213976, 18.708410765443535, -9.346821467924329, -24.03267850194658, 1.0]}
>Bud14,Bud14
{'alignment_length': 56, 'RMSD': 2.5488018218271675e-07, 'rotation_matrix': [0.9999999999999999, 0.0, -8.326672684688674e-17, 2.657482130452991, 5.551115123125783e-17, 0.9999999999999999, -9.71445146547012e-17, 6.743928558592285, -2.706168622523819e-16, 4.163336342344337e-17, 0.9999999999999999, -3.3550357485988305, -2.657482130452991, -6.743928558592285, 3.3550357485988305, 1.0]}
>Bud14,Bzz1_1
{'alignment_length': 56, 'RMSD': 1.7499431078086807, 'rotation_matrix': [-0.49215216934960937, 0.6229879545889132, 0.6080067850292429, 2.8470357076397956, -0.6598631373647472, 0.1885663145585884, -0.7273399376914101, 6.190839266670602, -0.5677736187527793, -0.7591631928978866, 0.3182834654792166, -4.004875040213976, 4.452625004308565, -16.141964146069114, 31.10582147325787, 1.0]}
>Bud14,Bzz1_2
{'alignment_length': 48, 'RMSD': 1.4251196576073826, 'rotation_matrix': [-0.6931240406883044, -0.5265587150127526, 0.492254998820769, 3.4515624794488153, -0.45797153240938515, 0.8490562476442476, 0.26337343039659283, 6.506333314503234, -0.5566337572610167, -0.04288831985970138, -0.8296501987567381, -4.473666708605984, -37.341229160626725, 28.67660415172577, 56.6791041692098, 1.0]}
>Bud14,Hse1
{'alignment_length': 56, 'RMSD': 1.4234645417162026, 'rotation_matrix': [0.2465558163117793, 0.8768007054007283, 0.41283259615928775, 2.234910702598946, -0.7770200178051786, 0.43342910111444644, -0.4564856035376831, 5.9064999749617915, -0.5791805602511809, -0.20823001060343937, 0.7881561655606202, -3.9915357548743486, 10.791000012840547, -5.555946489696257, -7.0148928080286295, 1.0]}
>Bud14,Lsb1
{'alignment_length': 56, 'RMSD': 1.3386107519924928, 'rotation_matrix': [0.0877091893552968, -0.9094047551842556, -0.40655883873174065, 2.234910702598946, -0.7707527227157652, 0.19660120583740742, -0.606043072965538, 5.9064999749617915, 0.6310684103398552, 0.366511878540849, -0.6836824587186563, -3.9915357548743486, -10.949625015258789, -4.328196442552976, 7.338767870728458, 1.0]}
>Bud14,Myo3
{'alignment_length': 56, 'RMSD': 1.7200602953696276, 'rotation_matrix': [-0.8546760711735059, -0.47014676802972266, 0.22020633477406137, 2.8046071375054966, 0.517704474052448, -0.7400552177293835, 0.42930216894117046, 6.058285689247506, -0.03887018020923358, 0.4809160958241269, 0.8759045712106889, -3.9819821819130863, -3.883642820375307, -43.74267836979456, 37.003446510859895, 1.0]}
>Bud14,Myo5
{'alignment_length': 56, 'RMSD': 1.707383624786644, 'rotation_matrix': [0.05156121697887356, -0.9892836198880715, -0.136599269122538, 2.8046071375054966, 0.9591044004722178, 0.010933846738565844, 0.2828412982404175, 6.058285689247506, -0.2783167079039359, -0.14559660166587557, 0.9493900355938352, -3.9819821819130863, 0.42167855799198206, -31.182517835072108, 46.592357363019666, 1.0]}
>Bud14,Pin3
{'alignment_length': 56, 'RMSD': 1.3551998359452813, 'rotation_matrix': [0.4570237308105479, -0.8119641544711728, -0.363102631951245, 2.234910702598946, -0.8887881579481917, -0.4010958352036392, -0.22176054940713694, 5.9064999749617915, 0.03442266356730436, 0.42407115303473397, -0.9049744401897347, -3.9915357548743486, -7.240196414125552, -4.123714276456408, 8.998839286289048, 1.0]}
>Bud14,Sho1
{'alignment_length': 56, 'RMSD': 1.9788967001386788, 'rotation_matrix': [0.24659568369718501, -0.9246391202858861, -0.2902293334913974, 2.5118749838854586, 0.6580896209576921, -0.060073657830391286, 0.7505392770685879, 6.18816069353904, -0.7114131145612085, -0.37607665823847647, 0.5936815034667164, -3.6317857437367946, 36.523464441299424, 9.182839269816345, -19.317857146263126, 1.0]}
>Bzz1_1,Bem1_1
{'alignment_length': 56, 'RMSD': 1.8451536928549568, 'rotation_matrix': [-0.9466269891044532, 0.24862613275396567, -0.20513992690562244, -4.639285724077907, -0.12136354226194018, -0.8645129636282068, -0.4877378664081846, 15.865749861512862, -0.29861050569039094, -0.43680931976158843, 0.8485454519710465, -31.17351790836878, -6.629017857568604, 26.232214348656793, 23.61151787212917, 1.0]}
>Bzz1_1,Bem1_2
{'alignment_length': 56, 'RMSD': 1.632798545807756, 'rotation_matrix': [0.4670812371142882, 0.38949122485889265, -0.7938083545124126, -4.365232150469509, -0.8839690531177715, 0.184541848869095, -0.4295847054377584, 16.181839151041846, -0.020828611712144507, 0.9023529751565595, 0.4304942243053314, -31.16205358505248, 2.0124821803931687, -18.385910698345736, 12.874767848423547, 1.0]}
>Bzz1_1,Boi1
{'alignment_length': 56, 'RMSD': 1.7228792869814908, 'rotation_matrix': [0.452880445338484, 0.31081729169834893, -0.8356386260886459, -4.248500002282007, 0.07289313232687322, 0.9212192080147599, 0.3821541077160317, 16.319071292877197, 0.8885864580836202, -0.23398243943929317, 0.39454571920684167, -31.121321473802826, 28.523142814636227, -7.235053568546261, -22.462678534643988, 1.0]}
>Bzz1_1,Boi2
{'alignment_length': 56, 'RMSD': 1.4669585925219555, 'rotation_matrix': [-0.3682502533447, -0.1940237884229064, -0.909256025791189, -4.178571430700167, -0.6992748873620488, 0.7023061626043607, 0.13334423824346808, 16.4580534355981, 0.6127041560299374, 0.6849239545336111, -0.3943003850995861, -31.09435714994157, 18.93958935567311, -9.437607182056775, -23.883303506033755, 1.0]}
>Bzz1_1,Bud14
{'alignment_length': 56, 'RMSD': 1.74994310780869, 'rotation_matrix': [-0.49215216934960937, -0.659863137364747, -0.5677736187527795, -4.452625004308565, 0.6229879545889132, 0.18856631455858816, -0.7591631928978867, 16.141964146069114, 0.6080067850292427, -0.7273399376914105, 0.3182834654792165, -31.10582147325787, -2.8470357076397956, -6.190839266670602, 4.004875040213976, 1.0]}
>Bzz1_1,Bzz1_1
{'alignment_length': 56, 'RMSD': 3.1216319594763617e-07, 'rotation_matrix': [0.9999999999999998, -5.551115123125783e-17, -5.551115123125783e-17, -4.877678580582144, 1.1102230246251565e-16, 1.0, 5.551115123125783e-17, 15.280892714858053, -5.551115123125783e-17, 5.551115123125783e-17, 1.0, -31.359767947878147, 4.877678580582144, -15.280892714858053, 31.359767947878147, 1.0]}
>Bzz1_1,Bzz1_2
{'alignment_length': 56, 'RMSD': 4.196119512479231, 'rotation_matrix': [0.9637041473036291, -0.2501482633818714, -0.09327466320935668, -4.257696433791093, -0.04336188079373751, -0.4914016385437046, 0.8698529628222187, 15.231178447604178, -0.26342753038324357, -0.8342363429889615, -0.48441269623389227, -31.195571524756286, -38.04262505258834, 27.461357142244072, 57.499357155391166, 1.0]}
>Bzz1_1,Hse1
{'alignment_length': 56, 'RMSD': 2.3724831670630744, 'rotation_matrix': [0.7235063167743614, -0.5900182284694493, -0.35835331679973437, -3.98533928926502, 0.4118164978123927, 0.7855279240625129, -0.4619015616422766, 15.840946291174205, 0.5540268781540594, 0.18661288967220752, 0.8113136555556402, -31.4068750653948, 10.791000012840547, -5.555946489696257, -7.0148928080286295, 1.0]}
>Bzz1_1,Lsb1
{'alignment_length': 56, 'RMSD': 2.2851574509563983, 'rotation_matrix': [0.09628434328370705, 0.09944653830418415, 0.9903735210806778, -3.98533928926502, -0.6068435444889035, -0.7828194986904683, 0.13760285237649583, 15.840946291174205, 0.7889678306183144, -0.61425077817559, -0.015024771549429605, -31.4068750653948, -10.949625015258789, -4.328196442552976, 7.338767870728458, 1.0]}
>Bzz1_1,Myo3
{'alignment_length': 56, 'RMSD': 2.512293775476898, 'rotation_matrix': [0.0875058221918682, 0.4455554488519134, -0.8909674927183905, -4.232517852314881, -0.34503871496749106, -0.8254777830701165, -0.4466930879599863, 16.260267743042537, -0.9345004099817764, 0.3465065246947239, 0.08149976740995685, -31.29614291872296, -3.892285672681673, -43.944160461425774, 36.921589374542236, 1.0]}
>Bzz1_1,Myo5
{'alignment_length': 56, 'RMSD': 2.471564624175042, 'rotation_matrix': [-0.5049876342444013, 0.5519724761720166, -0.6635615079318377, -4.232517852314881, 0.4739723450214455, -0.46516439207760973, -0.7476445040913088, 16.260267743042537, -0.7213443736628948, -0.6920610333573183, -0.026717423028537704, -31.29614291872296, 0.5584999855075565, -31.252196414130072, 46.45410735266549, 1.0]}
>Bzz1_1,Pin3
{'alignment_length': 56, 'RMSD': 2.2934593107760763, 'rotation_matrix': [0.3390788551702488, 0.40907570102473184, 0.8471614962966376, -3.98533928926502, 0.04454050255787975, -0.9064804491990622, 0.41989205619034753, 15.840946291174205, 0.9397029709479082, -0.10464351891536705, -0.32558879025648935, -31.4068750653948, -7.240196414125552, -4.123714276456408, 8.998839286289048, 1.0]}
>Bzz1_1,Sho1
{'alignment_length': 56, 'RMSD': 2.492995830089169, 'rotation_matrix': [-0.13345923751325417, 0.7106332687218595, -0.6907886719598589, -4.3806785738893925, 0.8494115550873191, -0.27707709404454495, -0.4491417304592967, 15.72282129526138, -0.5105767738612106, -0.6467059929686094, -0.5666416121782466, -31.387910774775904, 36.60407151494706, 9.226446416428582, -19.299321464129857, 1.0]}
>Bzz1_2,Bem1_1
{'alignment_length': 48, 'RMSD': 1.0538696780500971, 'rotation_matrix': [-0.829099721755304, 0.4199516752240164, -0.36909923037283665, 37.22202082475026, 0.546386370639294, 0.4686044537251164, -0.6941698638867906, -28.68374999364217, -0.11855625401006092, -0.777206829888626, -0.6179756938663318, -56.82293748855591, -6.55862500394384, 27.01370839277903, 24.023958365122482, 1.0]}
>Bzz1_2,Bem1_2
{'alignment_length': 56, 'RMSD': 2.6012546375331307, 'rotation_matrix': [0.42214718247715677, 0.16460168089031602, -0.8914583798331143, 37.950285741261084, -0.02789729353966247, -0.980552713384502, -0.1942630106001981, -27.727285683155067, -0.9060979512943178, 0.10687685868499999, -0.4093456238166798, -57.364464282989516, 1.8342143076338944, -17.369571419698854, 13.274232149124144, 1.0]}
>Bzz1_2,Boi1
{'alignment_length': 56, 'RMSD': 2.1971739459948534, 'rotation_matrix': [0.22213621929592625, 0.3423424466020485, -0.9129387434715623, 38.073785747800564, -0.9741768292130881, 0.03909726409803441, -0.22237560424736716, -27.9593928371157, -0.04043520126381739, 0.9387614463720649, 0.3421869975673866, -57.22335713250298, 29.135928528649462, -7.382732157196318, -21.96248209476471, 1.0]}
>Bzz1_2,Boi2
{'alignment_length': 56, 'RMSD': 2.174092635226442, 'rotation_matrix': [-0.47365491459626125, -0.3460878465730861, -0.8098606203126639, 38.073785747800564, -0.46030971077008315, -0.6866770726549016, 0.5626629257920388, -27.9593928371157, -0.7508435203486616, 0.639294767962713, 0.16594037364646985, -57.22335713250298, 19.461767903396062, -8.793500046777938, -23.93323210307529, 1.0]}
>Bzz1_2,Bud14
{'alignment_length': 48, 'RMSD': 1.4251196576073426, 'rotation_matrix': [-0.6931240406883052, -0.4579715324093854, -0.5566337572610174, 37.341229160626725, -0.5265587150127533, 0.8490562476442483, -0.042888319859701686, -28.67660415172577, 0.4922549988207694, 0.26337343039659333, -0.8296501987567387, -56.6791041692098, -3.4515624794488153, -6.506333314503234, 4.473666708605984, 1.0]}
>Bzz1_2,Bzz1_1
{'alignment_length': 56, 'RMSD': 4.196119512479231, 'rotation_matrix': [0.9637041473036291, -0.04336188079373732, -0.26342753038324346, 38.04262505258834, -0.25014826338187157, -0.4914016385437042, -0.8342363429889612, -27.461357142244072, -0.09327466320935679, 0.8698529628222185, -0.48441269623389216, -57.499357155391166, 4.257696433791093, -15.231178447604178, 31.195571524756286, 1.0]}
>Bzz1_2,Bzz1_2
{'alignment_length': 56, 'RMSD': 1.8022750521146164e-07, 'rotation_matrix': [1.0, -2.7755575615628914e-17, 1.1102230246251565e-16, 37.9732143197741, 0.0, 0.9999999999999996, -2.7755575615628914e-17, -27.55528568370002, -1.1102230246251565e-16, 2.7755575615628914e-17, 1.0, -57.187500000000014, -37.9732143197741, 27.55528568370002, 57.187500000000014, 1.0]}
>Bzz1_2,Hse1
{'alignment_length': 56, 'RMSD': 3.0554418138746207, 'rotation_matrix': [0.6373501091667674, -0.6087723445142724, -0.4724204386981019, 37.950285741261084, -0.7158597322251493, -0.24087482593934484, -0.6553809289315862, -27.727285683155067, 0.28518359371402846, 0.7558938753444739, -0.5893172041380303, -57.364464282989516, 10.896499995674406, -5.508107188723184, -6.297624956284251, 1.0]}
>Bzz1_2,Lsb1
{'alignment_length': 56, 'RMSD': 1.6591107275567034, 'rotation_matrix': [-0.06528488922843245, 0.2756685950754305, 0.9590332157582293, 37.950285741261084, -0.7253176259331395, 0.6469405518636239, -0.23533436609451117, -27.727285683155067, -0.6853117719324152, -0.710967473266906, 0.15771184865863797, -57.364464282989516, -9.941642865538597, -4.508250017251289, 7.500642863235303, 1.0]}
>Bzz1_2,Myo3
{'alignment_length': 56, 'RMSD': 2.0057217378072796, 'rotation_matrix': [0.4254676244056144, 0.2809282509829729, -0.8602654348410677, 37.950285741261084, 0.8546978405014644, -0.43717142104100126, 0.2799513351765327, -27.727285683155067, -0.29743722367043346, -0.8543772389434535, -0.42611105541934224, -57.364464282989516, -4.799607095973832, -43.38064275469098, 36.625142983027864, 1.0]}
>Bzz1_2,Myo5
{'alignment_length': 56, 'RMSD': 2.2220736898357742, 'rotation_matrix': [-0.1777764277472622, 0.7839976665414001, -0.5947631466349121, 37.950285741261084, 0.8139855682329631, 0.45679874557072114, 0.35883478197281204, -27.727285683155067, 0.5530126910350996, -0.42033625218704995, -0.7193708352800121, -57.364464282989516, -0.26830356248787446, -31.60371436391558, 45.99248249190194, 1.0]}
>Bzz1_2,Pin3
{'alignment_length': 56, 'RMSD': 1.4999299682439036, 'rotation_matrix': [0.08882678479473044, 0.46475234133380344, 0.8809739289716685, 37.950285741261084, -0.9950227604348334, 0.08150567080408402, 0.057328281357628255, -27.727285683155067, -0.04516091805614478, -0.8816813975873171, 0.46967904427257745, -57.364464282989516, -6.387785688940702, -3.663107122427652, 8.753642867186244, 1.0]}
>Bzz1_2,Sho1
{'alignment_length': 48, 'RMSD': 1.7679380816867794, 'rotation_matrix': [-0.07249809855667311, 0.8771299441772993, -0.47474949892885077, 37.072270830472306, 0.4316587825814596, 0.45670595340167014, 0.7778755475959919, -28.49452082316081, 0.8991188581750242, -0.148535292624345, -0.4117311570904504, -56.85747917493185, 35.71872929732004, 9.81135415743726, -19.15683331092199, 1.0]}
>Hse1,Bem1_1
{'alignment_length': 56, 'RMSD': 1.2871776058811297, 'rotation_matrix': [-0.917178763140724, -0.38703273568791074, 0.09480916595764001, -11.023178573165623, 0.37872578767630355, -0.9206630786539571, -0.09458474164674427, 5.468142917279952, 0.12389468992904853, -0.05084444029930522, 0.9909919014290859, 7.105946379048484, -6.3980892662491105, 25.762625047138762, 23.857714278357374, 1.0]}
>Hse1,Bem1_2
{'alignment_length': 56, 'RMSD': 1.1323946556961926, 'rotation_matrix': [0.0009166816955179513, 0.8536669686688731, -0.5208184581006765, -10.791000012840547, -0.9742095741159613, 0.11828161520939157, 0.19215921836918254, 5.555946489696257, 0.2256432259020128, 0.5072101794198876, 0.8317589605753453, 7.0148928080286295, 1.586482172831893, -18.201928564480376, 13.1738035593714, 1.0]}
>Hse1,Boi1
{'alignment_length': 56, 'RMSD': 1.5953557684164221, 'rotation_matrix': [0.8418815920234162, 0.48019291371914324, -0.24627251293239844, -10.791000012840547, -0.05611898200223053, 0.5317705926309657, 0.8450270390182466, 5.555946489696257, 0.5367364761884107, -0.6975921461906169, 0.47463581059799564, 7.0148928080286295, 28.67719640050615, -6.766178566430297, -22.0557678086417, 1.0]}
>Hse1,Boi2
{'alignment_length': 56, 'RMSD': 1.3938294574059578, 'rotation_matrix': [-0.18512373432111845, 0.5224190266148113, -0.8323506254108525, -10.791000012840547, -0.2519687079207315, 0.7934431009127525, 0.5540395435731217, 5.555946489696257, 0.9498636603322403, 0.3122921808896094, -0.015251902682956259, 7.0148928080286295, 18.701071475233352, -8.850214326088983, -23.746892792837958, 1.0]}
>Hse1,Bud14
{'alignment_length': 56, 'RMSD': 1.4234645417162142, 'rotation_matrix': [0.24655581631177928, -0.7770200178051786, -0.5791805602511806, -10.791000012840547, 0.876800705400728, 0.433429101114446, -0.20823001060343926, 5.555946489696257, 0.41283259615928763, -0.4564856035376828, 0.7881561655606203, 7.0148928080286295, -2.234910702598946, -5.9064999749617915, 3.9915357548743486, 1.0]}
>Hse1,Bzz1_1
{'alignment_length': 56, 'RMSD': 2.372483167063081, 'rotation_matrix': [0.723506316774361, 0.4118164978123927, 0.5540268781540596, -10.791000012840547, -0.5900182284694486, 0.7855279240625127, 0.18661288967220752, 5.555946489696257, -0.3583533167997346, -0.46190156164227675, 0.81131365555564, 7.0148928080286295, 3.98533928926502, -15.840946291174205, 31.4068750653948, 1.0]}
>Hse1,Bzz1_2
{'alignment_length': 56, 'RMSD': 3.055441813874626, 'rotation_matrix': [0.6373501091667667, -0.7158597322251492, 0.2851835937140289, -10.896499995674406, -0.6087723445142721, -0.24087482593934484, 0.7558938753444739, 5.508107188723184, -0.4724204386981018, -0.6553809289315857, -0.5893172041380302, 6.297624956284251, -37.950285741261084, 27.727285683155067, 57.364464282989516, 1.0]}
>Hse1,Hse1
{'alignment_length': 56, 'RMSD': 1.8022750521146164e-07, 'rotation_matrix': [0.9999999999999996, 5.551115123125783e-17, -5.551115123125783e-17, -10.896499995674406, -5.551115123125783e-17, 1.0, 7.632783294297951e-17, 5.508107188723184, 0.0, -2.983724378680108e-16, 1.0, 6.297624956284251, 10.896499995674406, -5.508107188723184, -6.297624956284251, 1.0]}
>Hse1,Lsb1
{'alignment_length': 56, 'RMSD': 0.9056363647184331, 'rotation_matrix': [0.2558265097164532, -0.5879392775371514, 0.767385302736109, -10.791000012840547, -0.38820685072823946, -0.7894647744527475, -0.47543749425758863, 5.555946489696257, 0.8853520418307961, -0.17627471692606644, -0.43020807314446685, 7.0148928080286295, -10.949625015258789, -4.328196442552976, 7.338767870728458, 1.0]}
>Hse1,Myo3
{'alignment_length': 56, 'RMSD': 1.6908090918424405, 'rotation_matrix': [-0.5627878975377549, 0.19309574432125498, -0.8037311838606576, -10.791000012840547, -0.5354197116278132, -0.8259424030680399, 0.17647911835279728, 5.555946489696257, -0.6297582987031001, 0.5296538306660414, 0.5682176562509874, 7.0148928080286295, -4.105160668492317, -44.096285479409346, 37.16701800482614, 1.0]}
>Hse1,Myo5
{'alignment_length': 56, 'RMSD': 1.6796351985719202, 'rotation_matrix': [-0.5737817215372385, -0.1345304584945539, -0.8078837117846903, -10.791000012840547, 0.4995321268696093, -0.8391815409765939, -0.21503952080785985, 5.555946489696257, -0.6490317328566361, -0.5269496152587977, 0.5487093153243509, 7.0148928080286295, 0.6434464305639269, -31.58462503978184, 46.57076808384487, 1.0]}
>Hse1,Pin3
{'alignment_length': 56, 'RMSD': 0.8374611078062584, 'rotation_matrix': [0.782921771644089, -0.13203010368486595, 0.6079486419152894, -10.791000012840547, 0.010701893241336191, -0.9742177312423957, -0.22535589988720026, 5.555946489696257, 0.6220281094667125, 0.18294224185212732, -0.7613233000371037, 7.0148928080286295, -7.240196414125552, -4.123714276456408, 8.998839286289048, 1.0]}
>Hse1,Sho1
{'alignment_length': 56, 'RMSD': 1.9874846358412641, 'rotation_matrix': [-0.042249185016602075, 0.07523357081774285, -0.9962705035217314, -11.023178573165623, 0.6433121167597596, -0.7608998228438989, -0.08474066335709612, 5.468142917279952, -0.7644373923321061, -0.6444931104504805, -0.016251270299725742, 7.105946379048484, 36.641339404242366, 8.91903570154682, -19.3504821402686, 1.0]}
>Lsb1,Bem1_1
{'alignment_length': 56, 'RMSD': 0.9949803377590853, 'rotation_matrix': [-0.261418864607716, 0.1987827220488489, 0.944534597906325, 10.936500012874603, 0.19879431812280005, 0.9686726773412823, -0.14884241080606944, 4.50807144173554, -0.9445321573717349, 0.14885789729578314, -0.2927461871713694, -7.611357149801083, -6.3980892662491105, 25.762625047138762, 23.857714278357374, 1.0]}
>Lsb1,Bem1_2
{'alignment_length': 56, 'RMSD': 0.974857988064997, 'rotation_matrix': [0.5776158571201373, 0.6207221270208081, 0.5301546591610157, 10.949625015258789, 0.7292475019438827, -0.6842184439555132, 0.006572812160914467, 4.328196442552976, 0.3668214858919468, 0.38281740030706546, -0.8478754834939883, -7.338767870728458, 1.586482172831893, -18.201928564480376, 13.1738035593714, 1.0]}
>Lsb1,Boi1
{'alignment_length': 56, 'RMSD': 1.4544965802187726, 'rotation_matrix': [0.7132732339197015, -0.7003381865633096, 0.02770772843352559, 10.949625015258789, -0.5455098823886477, -0.5795384213945692, -0.6054371861257073, 4.328196442552976, 0.44006847420606543, 0.4167273000040984, -0.7954106457932533, -7.338767870728458, 28.67719640050615, -6.766178566430297, -22.0557678086417, 1.0]}
>Lsb1,Boi2
{'alignment_length': 56, 'RMSD': 1.2736138581614596, 'rotation_matrix': [0.8906735570846751, 0.10233128937667466, -0.44297733793574434, 10.949625015258789, 0.14078511260239945, -0.9885272460649581, 0.05471230078108559, 4.328196442552976, -0.4322963876551146, -0.11109541395457075, -0.8948618006254381, -7.338767870728458, 18.701071475233352, -8.850214326088983, -23.746892792837958, 1.0]}
>Lsb1,Bud14
{'alignment_length': 56, 'RMSD': 1.3386107519924928, 'rotation_matrix': [0.08770918935529687, -0.7707527227157651, 0.6310684103398553, 10.949625015258789, -0.9094047551842558, 0.1966012058374076, 0.36651187854084866, 4.328196442552976, -0.4065588387317404, -0.6060430729655379, -0.6836824587186557, -7.338767870728458, -2.234910702598946, -5.9064999749617915, 3.9915357548743486, 1.0]}
>Lsb1,Bzz1_1
{'alignment_length': 56, 'RMSD': 2.2851574509563912, 'rotation_matrix': [0.09628434328370705, -0.6068435444889034, 0.7889678306183143, 10.949625015258789, 0.09944653830418392, -0.7828194986904683, -0.6142507781755899, 4.328196442552976, 0.9903735210806777, 0.13760285237649592, -0.015024771549430271, -7.338767870728458, 3.98533928926502, -15.840946291174205, 31.4068750653948, 1.0]}
>Lsb1,Bzz1_2
{'alignment_length': 56, 'RMSD': 1.6591107275567034, 'rotation_matrix': [-0.06528488922843262, -0.7253176259331394, -0.6853117719324152, 9.941642865538597, 0.2756685950754306, 0.6469405518636238, -0.7109674732669067, 4.508250017251289, 0.9590332157582291, -0.23533436609451125, 0.1577118486586378, -7.500642863235303, -37.950285741261084, 27.727285683155067, 57.364464282989516, 1.0]}
>Lsb1,Hse1
{'alignment_length': 56, 'RMSD': 0.9056363647183973, 'rotation_matrix': [0.2558265097164534, -0.38820685072823957, 0.8853520418307965, 10.949625015258789, -0.587939277537151, -0.7894647744527477, -0.17627471692606636, 4.328196442552976, 0.7673853027361092, -0.47543749425758886, -0.43020807314446713, -7.338767870728458, 10.791000012840547, -5.555946489696257, -7.0148928080286295, 1.0]}
>Lsb1,Lsb1
{'alignment_length': 56, 'RMSD': 3.1216319594763617e-07, 'rotation_matrix': [1.0, -5.551115123125783e-17, 0.0, 9.941642865538597, -2.7755575615628914e-17, 0.9999999999999999, -5.551115123125783e-17, 4.508250017251289, 5.551115123125783e-17, -1.1102230246251565e-16, 0.9999999999999998, -7.500642863235303, -9.941642865538597, -4.508250017251289, 7.500642863235303, 1.0]}
>Lsb1,Myo3
{'alignment_length': 56, 'RMSD': 1.6948821176889255, 'rotation_matrix': [-0.45070472102235526, 0.8586236389082381, 0.2441939826370354, 10.949625015258789, 0.8874653407241588, 0.40147886164907, 0.22631834362755512, 4.328196442552976, 0.09628355758650708, 0.31871644193066473, -0.9429471385934336, -7.338767870728458, -4.072660667555673, -44.25480331693376, 37.12414298738752, 1.0]}
>Lsb1,Myo5
{'alignment_length': 56, 'RMSD': 1.6747406718773097, 'rotation_matrix': [-0.9095060141122657, -0.13633379033111154, 0.39269824026543876, 10.949625015258789, 0.10440641760852357, 0.8394864487135422, 0.5332558507775418, 4.328196442552976, -0.40236564248923434, 0.5259996198100126, -0.7492838512232517, -7.338767870728458, 0.7891607146177976, -31.60305363791329, 46.49005378995623, 1.0]}
>Lsb1,Pin3
{'alignment_length': 56, 'RMSD': 0.31081399527186204, 'rotation_matrix': [0.7469255939895653, 0.5064264961147212, -0.4308530620481899, 10.949625015258789, -0.5782741572720452, 0.814599953281178, -0.0450101671359743, 4.328196442552976, 0.3281785429832987, 0.2827704371876047, 0.9012989092293914, -7.338767870728458, -7.240196414125552, -4.123714276456408, 8.998839286289048, 1.0]}
>Lsb1,Sho1
{'alignment_length': 56, 'RMSD': 1.7174462613723, 'rotation_matrix': [-0.9335863780216511, -0.27382229067580943, -0.23116623434547662, 10.936500012874603, -0.35784118838969925, 0.6779031538042753, 0.6421814369429135, 4.50807144173554, -0.019135272777334844, 0.6822526417620309, -0.7308660439126085, -7.611357149801083, 36.641339404242366, 8.91903570154682, -19.3504821402686, 1.0]}
>Myo3,Bem1_1
{'alignment_length': 56, 'RMSD': 1.6932661038224408, 'rotation_matrix': [0.22775255567286595, 0.8091940859736885, -0.5416029030661526, 3.929285673158509, -0.4569274437471518, 0.5799934151947385, 0.6744071096017873, 43.726874760219026, 0.8598523620570984, 0.09387528724829566, 0.501837967783306, -36.65416087423052, -6.6860357118504385, 26.275482211794174, 23.776178598403934, 1.0]}
>Myo3,Bem1_2
{'alignment_length': 56, 'RMSD': 1.9633374060406423, 'rotation_matrix': [0.4499031694712817, -0.8361529833626281, -0.3137440461801175, 4.130035666482788, 0.8928683071588268, 0.42872841527311645, 0.13776114114195076, 43.35755334581647, 0.019321598562895427, -0.3421112894237464, 0.9394607716545678, -36.88598230906895, 2.2426428808165455, -17.90371427365712, 12.867982149124146, 1.0]}
>Myo3,Boi1
{'alignment_length': 56, 'RMSD': 1.9915655983918072, 'rotation_matrix': [-0.7499267185006645, -0.1848660852286051, -0.6351648978108568, 3.9061606717961173, 0.5568189722215307, -0.6947969192124896, -0.4552031120576746, 43.59599978583199, -0.3571589968809186, -0.6950408416669362, 0.6239837172250031, -36.93903585842677, 28.631964274815147, -7.079267863184214, -22.62167852265494, 1.0]}
>Myo3,Boi2
{'alignment_length': 56, 'RMSD': 2.0120155050521036, 'rotation_matrix': [-0.29135628382633527, -0.944580395569053, 0.151259354029825, 3.9061606717961173, 0.6930297821224072, -0.31741511704422426, -0.6472691592862823, 43.59599978583199, 0.6594097640816954, -0.0837586997177816, 0.7471032346706243, -36.93903585842677, 18.825857205050337, -9.391410755392695, -24.069410664694644, 1.0]}
>Myo3,Bud14
{'alignment_length': 56, 'RMSD': 1.720060295369637, 'rotation_matrix': [-0.8546760711735059, 0.5177044740524479, -0.038870180209233746, 3.883642820375307, -0.47014676802972255, -0.7400552177293832, 0.480916095824127, 43.74267836979456, 0.2202063347740613, 0.4293021689411702, 0.8759045712106887, -37.003446510859895, -2.8046071375054966, -6.058285689247506, 3.9819821819130863, 1.0]}
>Myo3,Bzz1_1
{'alignment_length': 56, 'RMSD': 2.512293775476904, 'rotation_matrix': [0.08750582219186803, -0.34503871496749094, -0.9345004099817757, 3.892285672681673, 0.44555544885191356, -0.8254777830701164, 0.34650652469472376, 43.944160461425774, -0.8909674927183902, -0.44669308795998575, 0.08149976740995682, -36.921589374542236, 4.232517852314881, -16.260267743042537, 31.29614291872296, 1.0]}
>Myo3,Bzz1_2
{'alignment_length': 56, 'RMSD': 2.0057217378072796, 'rotation_matrix': [0.42546762440561436, 0.8546978405014647, -0.2974372236704332, 4.799607095973832, 0.2809282509829726, -0.4371714210410015, -0.8543772389434532, 43.38064275469098, -0.8602654348410671, 0.2799513351765331, -0.42611105541934197, -36.625142983027864, -37.950285741261084, 27.727285683155067, 57.364464282989516, 1.0]}
>Myo3,Hse1
{'alignment_length': 56, 'RMSD': 1.6908090918424405, 'rotation_matrix': [-0.5627878975377549, -0.5354197116278129, -0.6297582987030995, 4.105160668492317, 0.1930957443212552, -0.8259424030680402, 0.5296538306660412, 44.096285479409346, -0.803731183860657, 0.17647911835279703, 0.5682176562509873, -37.16701800482614, 10.791000012840547, -5.555946489696257, -7.0148928080286295, 1.0]}
>Myo3,Lsb1
{'alignment_length': 56, 'RMSD': 1.6948821176889446, 'rotation_matrix': [-0.4507047210223551, 0.8874653407241584, 0.09628355758650661, 4.072660667555673, 0.8586236389082377, 0.4014788616490702, 0.31871644193066484, 44.25480331693376, 0.2441939826370354, 0.22631834362755526, -0.9429471385934329, -37.12414298738752, -10.949625015258789, -4.328196442552976, 7.338767870728458, 1.0]}
>Myo3,Myo3
{'alignment_length': 56, 'RMSD': 1.8022750521146164e-07, 'rotation_matrix': [0.9999999999999999, 0.0, -1.0408340855860843e-17, 4.468482092022896, 2.7755575615628914e-17, 0.9999999999999999, 5.551115123125783e-17, 42.61146409170968, -1.0408340855860843e-17, 8.326672684688674e-17, 0.9999999999999999, -36.409053802490234, -4.468482092022896, -42.61146409170968, 36.409053802490234, 1.0]}
>Myo3,Myo5
{'alignment_length': 56, 'RMSD': 0.1513405569461836, 'rotation_matrix': [0.46035417283382196, 0.8578818639008744, 0.228282156868314, 3.611999965139798, -0.8696901690174819, 0.3842449332157739, 0.3098303426269766, 43.506446225302554, 0.1780815697056593, -0.341166438689341, 0.9229801816091181, -37.10026798929487, 0.3718214184045798, -30.8860000542232, 46.8123573575701, 1.0]}
>Myo3,Pin3
{'alignment_length': 56, 'RMSD': 1.7222504216433616, 'rotation_matrix': [-0.8174161585195847, 0.522666010204033, 0.2421798207293143, 4.072660667555673, 0.5139529857800893, 0.8515920815741528, -0.10316615243350208, 44.25480331693376, -0.26015985893065174, 0.04013936194807863, -0.9647308844561704, -37.12414298738752, -7.240196414125552, -4.123714276456408, 8.998839286289048, 1.0]}
>Myo3,Sho1
{'alignment_length': 56, 'RMSD': 1.7882330143523386, 'rotation_matrix': [0.07076512374450009, 0.7787943984397833, 0.6232748849586687, 3.7115356773138046, -0.947532667018852, 0.24775263063511552, -0.20199128433059155, 43.84451757158551, -0.3117276731276318, -0.5762793757997904, 0.7554653789779094, -36.880785839898245, 36.39653583935328, 9.433285706476976, -19.018160734857833, 1.0]}
>Myo5,Bem1_1
{'alignment_length': 56, 'RMSD': 1.7162585573284355, 'rotation_matrix': [0.6531015973511693, -0.11625202939815765, -0.7482939056267666, -0.33617856619613545, -0.2769382538069274, 0.8830320175407682, -0.3788926755378754, 31.0953928402492, 0.7048145196544411, 0.4546866191770876, 0.5445149871450642, -46.234696660722996, -6.6860357118504385, 26.275482211794174, 23.776178598403934, 1.0]}
>Myo5,Bem1_2
{'alignment_length': 56, 'RMSD': 2.099278651873566, 'rotation_matrix': [-0.5741803145229415, -0.8120592843447311, -0.10429134731059518, 0.01319642790726236, 0.7149394902407464, -0.4352335395323018, -0.5472049811181232, 31.19412510735648, 0.39897179312407227, -0.38875633084968153, 0.8304757814142779, -46.4755002430507, 2.2426428808165455, -17.90371427365712, 12.867982149124146, 1.0]}
>Myo5,Boi1
{'alignment_length': 56, 'RMSD': 2.0113261622126175, 'rotation_matrix': [-0.8914123215242471, 0.39894338896369996, 0.21500754739522754, -0.28973213902541606, -0.30791974775728226, -0.18506335988228456, -0.9332400450956719, 31.117982183183948, -0.33251992718609336, -0.8981067448979763, 0.28781030696088233, -46.54603597096034, 28.631964274815147, -7.079267863184214, -22.62167852265494, 1.0]}
>Myo5,Boi2
{'alignment_length': 56, 'RMSD': 2.0412151759119648, 'rotation_matrix': [-0.6215084325916026, -0.171119172887861, 0.764490351075606, -0.28973213902541606, -0.2122733515425592, -0.9025616908326595, -0.3745963407004656, 31.117982183183948, 0.7541003198795359, -0.39509571360806306, 0.5246256614445362, -46.54603597096034, 18.825857205050337, -9.391410755392695, -24.069410664694644, 1.0]}
>Myo5,Bud14
{'alignment_length': 56, 'RMSD': 1.7073836247866536, 'rotation_matrix': [0.05156121697887378, 0.9591044004722181, -0.27831670790393603, -0.42167855799198206, -0.9892836198880715, 0.010933846738565955, -0.14559660166587524, 31.182517835072108, -0.13659926912253822, 0.2828412982404175, 0.9493900355938351, -46.592357363019666, -2.8046071375054966, -6.058285689247506, 3.9819821819130863, 1.0]}
>Myo5,Bzz1_1
{'alignment_length': 56, 'RMSD': 2.471564624175029, 'rotation_matrix': [-0.5049876342444012, 0.4739723450214457, -0.721344373662895, -0.5584999855075565, 0.5519724761720171, -0.46516439207761007, -0.6920610333573187, 31.252196414130072, -0.6635615079318382, -0.7476445040913091, -0.026717423028537482, -46.45410735266549, 4.232517852314881, -16.260267743042537, 31.29614291872296, 1.0]}
>Myo5,Bzz1_2
{'alignment_length': 56, 'RMSD': 2.2220736898357742, 'rotation_matrix': [-0.17777642774726243, 0.8139855682329632, 0.5530126910350996, 0.26830356248787446, 0.7839976665414001, 0.4567987455707212, -0.42033625218705, 31.60371436391558, -0.5947631466349125, 0.35883478197281204, -0.719370835280012, -45.99248249190194, -37.950285741261084, 27.727285683155067, 57.364464282989516, 1.0]}
>Myo5,Hse1
{'alignment_length': 56, 'RMSD': 1.679635198571959, 'rotation_matrix': [-0.5737817215372379, 0.49953212686960924, -0.6490317328566362, -0.6434464305639269, -0.134530458494554, -0.8391815409765936, -0.5269496152587974, 31.58462503978184, -0.80788371178469, -0.21503952080785965, 0.5487093153243506, -46.57076808384487, 10.791000012840547, -5.555946489696257, -7.0148928080286295, 1.0]}
>Myo5,Lsb1
{'alignment_length': 56, 'RMSD': 1.6747406718773292, 'rotation_matrix': [-0.9095060141122658, 0.1044064176085233, -0.4023656424892345, -0.7891607146177976, -0.13633379033111137, 0.8394864487135424, 0.5259996198100128, 31.60305363791329, 0.39269824026543887, 0.5332558507775417, -0.749283851223252, -46.49005378995623, -10.949625015258789, -4.328196442552976, 7.338767870728458, 1.0]}
>Myo5,Myo3
{'alignment_length': 56, 'RMSD': 0.1513405569460763, 'rotation_matrix': [0.460354172833822, -0.8696901690174815, 0.1780815697056592, -0.3718214184045798, 0.8578818639008742, 0.38424493321577347, -0.34116643868934077, 30.8860000542232, 0.22828215686831382, 0.30983034262697673, 0.9229801816091182, -46.8123573575701, -3.611999965139798, -43.506446225302554, 37.10026798929487, 1.0]}
>Myo5,Myo5
{'alignment_length': 56, 'RMSD': 1.8022750521146164e-07, 'rotation_matrix': [0.9999999999999999, -1.6653345369377348e-16, 8.326672684688674e-17, 0.8286964148283003, 2.220446049250313e-16, 0.9999999999999998, 0.0, 30.943785769598822, 1.942890293094024e-16, 5.551115123125783e-17, 0.9999999999999999, -46.11039314951215, -0.8286964148283003, -30.943785769598822, 46.11039314951215, 1.0]}
>Myo5,Pin3
{'alignment_length': 56, 'RMSD': 1.7092021877766668, 'rotation_matrix': [-0.8718534940564706, -0.4890188113463234, 0.027057107217027143, -0.7891607146177976, -0.41337130584344417, 0.7643638569958242, 0.494845488636355, 31.60305363791329, -0.2626702274845973, 0.42024813654303883, -0.8685596440805281, -46.49005378995623, -7.240196414125552, -4.123714276456408, 8.998839286289048, 1.0]}
>Myo5,Sho1
{'alignment_length': 56, 'RMSD': 1.9701481353088561, 'rotation_matrix': [0.7878271911065611, 0.06255381523468732, 0.6127114632130939, -0.719339279191835, -0.22311255664201396, 0.9562448191882377, 0.1892528278370481, 31.18171429634094, -0.5740636759296047, -0.28580214480517785, 0.7673122115559939, -46.349071638924734, 36.30208941868372, 9.334178559149485, -19.098250031471252, 1.0]}
>Pin3,Bem1_1
{'alignment_length': 56, 'RMSD': 1.1006126138189034, 'rotation_matrix': [-0.6203276434438827, -0.36308699940310196, 0.6952420050916158, 7.043642843241937, -0.23653755311395477, 0.931732734645253, 0.27554327637839643, 4.1751785701406865, -0.7478259160701919, 0.006476268596206647, -0.6638632820083121, -9.249553575579611, -6.3980892662491105, 25.762625047138762, 23.857714278357374, 1.0]}
>Pin3,Bem1_2
{'alignment_length': 56, 'RMSD': 1.0158865065179206, 'rotation_matrix': [0.12987926794531574, 0.9850134967401971, 0.11348914925066245, 7.240196414125552, 0.9903368985873602, -0.13448334392609723, 0.03386823737403785, 4.123714276456408, 0.04862307121478515, 0.10799371021548076, -0.9929618096883369, -8.998839286289048, 1.586482172831893, -18.201928564480376, 13.1738035593714, 1.0]}
>Pin3,Boi1
{'alignment_length': 56, 'RMSD': 1.3994202125787683, 'rotation_matrix': [0.9926122404712935, -0.05159348113103489, 0.10981371850247135, 7.240196414125552, 0.04108382167264457, -0.7086913389725418, -0.7043214505196306, 4.123714276456408, 0.11416242667063817, 0.7036296602404472, -0.7013360404018774, -8.998839286289048, 28.67719640050615, -6.766178566430297, -22.0557678086417, 1.0]}
>Pin3,Boi2
{'alignment_length': 56, 'RMSD': 1.223334567551666, 'rotation_matrix': [0.44210350655543973, 0.6114335221467881, -0.6562724567483826, 7.240196414125552, 0.44335407620771733, -0.7849939960671993, -0.43269110142046185, 4.123714276456408, -0.7797317824748369, -0.09966681560892665, -0.6181301426600956, -8.998839286289048, 18.701071475233352, -8.850214326088983, -23.746892792837958, 1.0]}
>Pin3,Bud14
{'alignment_length': 56, 'RMSD': 1.3551998359452813, 'rotation_matrix': [0.45702373081054815, -0.8887881579481921, 0.03442266356730389, 7.240196414125552, -0.811964154471173, -0.40109583520363923, 0.4240711530347338, 4.123714276456408, -0.3631026319512451, -0.2217605494071367, -0.9049744401897348, -8.998839286289048, -2.234910702598946, -5.9064999749617915, 3.9915357548743486, 1.0]}
>Pin3,Bzz1_1
{'alignment_length': 56, 'RMSD': 2.2934593107760763, 'rotation_matrix': [0.33907885517024894, 0.04454050255788006, 0.9397029709479083, 7.240196414125552, 0.4090757010247319, -0.9064804491990621, -0.10464351891536705, 4.123714276456408, 0.8471614962966372, 0.4198920561903477, -0.32558879025648924, -8.998839286289048, 3.98533928926502, -15.840946291174205, 31.4068750653948, 1.0]}
>Pin3,Bzz1_2
{'alignment_length': 56, 'RMSD': 1.4999299682438711, 'rotation_matrix': [0.0888267847947305, -0.9950227604348344, -0.04516091805614461, 6.387785688940702, 0.4647523413338033, 0.08150567080408436, -0.8816813975873172, 3.663107122427652, 0.8809739289716687, 0.05732828135762863, 0.4696790442725775, -8.753642867186244, -37.950285741261084, 27.727285683155067, 57.364464282989516, 1.0]}
>Pin3,Hse1
{'alignment_length': 56, 'RMSD': 0.8374611078062391, 'rotation_matrix': [0.782921771644089, 0.010701893241335914, 0.6220281094667125, 7.240196414125552, -0.13203010368486634, -0.9742177312423961, 0.18294224185212743, 4.123714276456408, 0.6079486419152897, -0.2253558998872002, -0.7613233000371037, -8.998839286289048, 10.791000012840547, -5.555946489696257, -7.0148928080286295, 1.0]}
>Pin3,Lsb1
{'alignment_length': 56, 'RMSD': 0.31081399527186204, 'rotation_matrix': [0.7469255939895652, -0.5782741572720452, 0.32817854298329874, 7.240196414125552, 0.5064264961147208, 0.8145999532811778, 0.28277043718760464, 4.123714276456408, -0.43085306204818996, -0.045010167135974374, 0.9012989092293913, -8.998839286289048, -10.949625015258789, -4.328196442552976, 7.338767870728458, 1.0]}
>Pin3,Myo3
{'alignment_length': 56, 'RMSD': 1.7222504216433805, 'rotation_matrix': [-0.8174161585195847, 0.5139529857800893, -0.2601598589306518, 7.240196414125552, 0.5226660102040328, 0.8515920815741527, 0.04013936194807863, 4.123714276456408, 0.24217982072931432, -0.10316615243350213, -0.96473088445617, -8.998839286289048, -4.072660667555673, -44.25480331693376, 37.12414298738752, 1.0]}
>Pin3,Myo5
{'alignment_length': 56, 'RMSD': 1.7092021877766763, 'rotation_matrix': [-0.8718534940564702, -0.4133713058434445, -0.26267022748459745, 7.240196414125552, -0.48901881134632336, 0.764363856995824, 0.42024813654303883, 4.123714276456408, 0.027057107217027476, 0.4948454886363552, -0.8685596440805282, -8.998839286289048, 0.7891607146177976, -31.60305363791329, 46.49005378995623, 1.0]}
>Pin3,Pin3
{'alignment_length': 56, 'RMSD': 1.8022750521146164e-07, 'rotation_matrix': [1.0, 5.551115123125783e-17, 5.551115123125783e-17, 6.387785688940702, -2.220446049250313e-16, 1.0, 5.551115123125783e-17, 3.663107122427652, -8.326672684688674e-17, 5.551115123125783e-17, 0.9999999999999999, -8.753642867186244, -6.387785688940702, -3.663107122427652, 8.753642867186244, 1.0]}
>Pin3,Sho1
{'alignment_length': 56, 'RMSD': 1.713939859241012, 'rotation_matrix': [-0.49633761508051, -0.370686262911136, -0.7850099785003808, 7.043642843241937, -0.7701510323883155, 0.6053307765496941, 0.20110205934539083, 4.1751785701406865, 0.4006449290424176, 0.7043907619004678, -0.5859328420406861, -9.249553575579611, 36.641339404242366, 8.91903570154682, -19.3504821402686, 1.0]}
>Sho1,Bem1_1
{'alignment_length': 56, 'RMSD': 1.5614533857351622, 'rotation_matrix': [0.18871439879111723, -0.5345985197498986, -0.8237665314700058, -36.523464441299424, -0.42818076483601486, 0.7101111851306765, -0.5589305300095452, -9.182839269816345, 0.8837692619192822, 0.4581992224278902, -0.09489659768992967, 19.317857146263126, -6.541589270745004, 26.055642911366057, 23.76071429252625, 1.0]}
>Sho1,Bem1_2
{'alignment_length': 56, 'RMSD': 1.7226867980816511, 'rotation_matrix': [-0.8100178928067044, -0.3355156339755893, -0.48093686975625505, -36.523464441299424, 0.5830464560659081, -0.3731490819525573, -0.7216762381476536, -9.182839269816345, 0.06267250914054545, -0.8649792032158474, 0.49787863441014035, 19.317857146263126, 1.8834107483604128, -18.09974997384208, 12.827196419239042, 1.0]}
>Sho1,Boi1
{'alignment_length': 56, 'RMSD': 1.7021554618771761, 'rotation_matrix': [-0.4631409559952389, 0.8603225583384068, 0.21294494709636858, -36.523464441299424, -0.2533630237586423, 0.10172003466699572, -0.9620084265427322, -9.182839269816345, -0.8492983180671528, -0.4994978780349365, 0.1708632106888486, 19.317857146263126, 28.6984999861036, -6.707910715469293, -22.517517805099484, 1.0]}
>Sho1,Boi2
{'alignment_length': 56, 'RMSD': 1.7282396790969061, 'rotation_matrix': [-0.873803493852852, 0.2756088973893276, 0.40063348563292667, -36.523464441299424, -0.45277580829876524, -0.7616398993990288, -0.4635717108094906, -9.182839269816345, 0.17737395961625638, -0.5864677308456767, 0.7903126464423897, 19.317857146263126, 18.5543036205428, -9.111410754200604, -24.070196356092175, 1.0]}
>Sho1,Bud14
{'alignment_length': 56, 'RMSD': 1.9788967001386706, 'rotation_matrix': [0.24659568369718507, 0.6580896209576917, -0.7114131145612086, -36.523464441299424, -0.9246391202858859, -0.06007365783039087, -0.37607665823847664, -9.182839269816345, -0.2902293334913973, 0.7505392770685878, 0.5936815034667166, 19.317857146263126, -2.5118749838854586, -6.18816069353904, 3.6317857437367946, 1.0]}
>Sho1,Bzz1_1
{'alignment_length': 56, 'RMSD': 2.492995830089169, 'rotation_matrix': [-0.133459237513254, 0.8494115550873192, -0.510576773861211, -36.60407151494706, 0.7106332687218598, -0.2770770940445453, -0.6467059929686093, -9.226446416428582, -0.690788671959859, -0.4491417304592964, -0.5666416121782472, 19.299321464129857, 4.3806785738893925, -15.72282129526138, 31.387910774775904, 1.0]}
>Sho1,Bzz1_2
{'alignment_length': 48, 'RMSD': 1.7679380816867902, 'rotation_matrix': [-0.07249809855667305, 0.43165878258145945, 0.8991188581750238, -35.71872929732004, 0.8771299441772995, 0.45670595340166986, -0.14853529262434545, -9.81135415743726, -0.47474949892885066, 0.7778755475959918, -0.41173115709045016, 19.15683331092199, -37.072270830472306, 28.49452082316081, 56.85747917493185, 1.0]}
>Sho1,Hse1
{'alignment_length': 56, 'RMSD': 1.987484635841256, 'rotation_matrix': [-0.04224918501660235, 0.6433121167597599, -0.7644373923321065, -36.641339404242366, 0.07523357081774312, -0.7608998228438989, -0.6444931104504806, -8.91903570154682, -0.9962705035217314, -0.08474066335709585, -0.01625127029972586, 19.3504821402686, 11.023178573165623, -5.468142917279952, -7.105946379048484, 1.0]}
>Sho1,Lsb1
{'alignment_length': 56, 'RMSD': 1.7174462613722905, 'rotation_matrix': [-0.9335863780216505, -0.3578411883896991, -0.01913527277733451, -36.641339404242366, -0.2738222906758093, 0.677903153804275, 0.682252641762031, -8.91903570154682, -0.23116623434547676, 0.6421814369429134, -0.7308660439126085, 19.3504821402686, -10.936500012874603, -4.50807144173554, 7.611357149801083, 1.0]}
>Sho1,Myo3
{'alignment_length': 56, 'RMSD': 1.7882330143523568, 'rotation_matrix': [0.07076512374450036, -0.9475326670188515, -0.31172767312763167, -36.39653583935328, 0.778794398439783, 0.24775263063511543, -0.5762793757997906, -9.433285706476976, 0.6232748849586685, -0.20199128433059166, 0.7554653789779093, 19.018160734857833, -3.7115356773138046, -43.84451757158551, 36.880785839898245, 1.0]}
>Sho1,Myo5
{'alignment_length': 56, 'RMSD': 1.9701481353088643, 'rotation_matrix': [0.7878271911065613, -0.22311255664201418, -0.5740636759296047, -36.30208941868372, 0.0625538152346872, 0.9562448191882376, -0.28580214480517757, -9.334178559149485, 0.6127114632130941, 0.189252827837048, 0.767312211555994, 19.098250031471252, 0.719339279191835, -31.18171429634094, 46.349071638924734, 1.0]}
>Sho1,Pin3
{'alignment_length': 56, 'RMSD': 1.7139398592410309, 'rotation_matrix': [-0.49633761508051, -0.7701510323883147, 0.400644929042417, -36.641339404242366, -0.3706862629111356, 0.6053307765496937, 0.7043907619004673, -8.91903570154682, -0.7850099785003803, 0.20110205934539016, -0.585932842040686, 19.3504821402686, -7.043642843241937, -4.1751785701406865, 9.249553575579611, 1.0]}
>Sho1,Sho1
{'alignment_length': 56, 'RMSD': 2.5488018218271675e-07, 'rotation_matrix': [1.0, -2.7755575615628914e-17, -2.7755575615628914e-17, -35.128178732735776, -8.326672684688674e-17, 1.0000000000000004, 0.0, -9.565142846200619, -2.7755575615628914e-17, -1.1102230246251565e-16, 1.0, 19.448535697800775, 35.128178732735776, 9.565142846200619, -19.448535697800775, 1.0]}